1 1082 1 1 33
320 381

9
0 270 2 -10 441
0 7 1 546.598 476.5
0 10 1 700 616
3 135 3 -10 306
3 2 1 761.199 236.5
3 5 0 478.4 361.5
3 0 0 705.602 361.5
2 135 1 -10 171
2 1 1 314.207 169
3 135 2 -10 36
3 6 0 52.8001 91.5
3 1 1 697.198 71.5
2 135 1 -10 -99
2 1 0 572.203 -101
2 135 1 -10 -234
2 1 1 579.803 -235.5
3 135 2 -10 -369
3 3 0 408.201 -354
3 3 0 648.202 -354
0 270 5 -10 -639
0 4 0 106.6 -448.5
0 3 1 651.599 -603.5
0 2 1 358.199 -603.5
0 2 1 112.198 -603.5
0 10 1 700 -464
3 135 3 -10 -774
3 5 1 1591.2 -738.5
3 4 0 -330.199 -718.5
3 2 1 1085.2 -843.5
